chrom	locus	3D_x	3D_y	3D_z
1	6831	78.610	57.461	90.014
1	13661	77.772	57.959	89.791
1	20491	76.934	58.457	89.568
1	68305	71.067	61.941	88.006
1	75135	70.229	62.439	87.783
1	88796	68.553	63.435	87.337
1	122949	64.362	65.924	86.221
1	143440	61.848	67.417	85.552
1	150271	61.010	67.915	85.329
1	157101	60.172	68.413	85.105
1	191254	55.981	70.902	83.990
1	218576	52.629	72.893	83.097
1	232237	50.953	73.889	82.651
1	273220	45.924	76.875	81.312
1	389338	31.676	85.338	77.519
1	423490	27.486	87.827	76.403
1	450812	24.134	89.818	75.510
1	650000	1.141	103.414	68.869
1	750000	-8.557	109.065	65.362
1	1800000	-37.389	123.564	23.217
1	1950000	-35.108	123.331	18.222
1	2200000	-30.072	123.929	11.408
1	2500000	-21.990	126.274	5.727
1	2950000	-6.677	129.126	2.659
1	3050000	-2.860	129.217	2.904
1	3200000	3.147	128.983	3.904
1	3300000	7.339	128.581	4.992
1	3450000	13.910	127.607	7.257
1	3650000	22.398	125.770	10.957
1	3750000	25.848	124.749	12.676
1	4000000	32.027	121.924	16.512
1	4450000	34.342	115.858	21.751
1	4600000	32.785	113.754	23.089
1	5050000	25.476	111.820	27.448
1	5200000	22.207	112.685	29.033
1	5300000	19.797	113.681	30.127
1	5400000	17.202	115.012	31.250
1	5550000	13.015	117.540	32.978
1	5600000	11.663	118.288	33.538
1	5850000	5.757	120.340	36.114
1	6050000	2.051	119.955	37.901
1	6500000	-2.973	112.500	41.034
1	6550000	-3.240	111.203	41.335
1	6800000	-3.480	105.840	43.483
1	6900000	-3.065	104.221	44.641
1	7150000	-0.750	101.485	48.285
1	7400000	3.389	100.624	52.997
1	7650000	8.400	101.131	58.410
1	7750000	9.603	101.157	60.367
1	7950000	10.343	100.753	63.809
1	8100000	9.442	100.050	65.979
1	8150000	8.864	99.740	66.624
1	8550000	-0.638	95.909	70.410
1	8750000	-6.030	93.679	72.243
1	8850000	-8.187	92.641	73.374
1	9100000	-12.002	90.270	76.826
1	9550000	-13.257	86.846	85.244
1	9650000	-13.007	86.469	87.151
1	9700000	-12.925	86.394	88.020
1	10150000	-13.484	89.102	93.316
1	10200000	-13.690	89.779	93.623
1	10300000	-14.187	91.359	94.070
1	11250000	-5.288	106.436	93.073
1	11300000	-3.458	106.709	92.966
1	11450000	2.891	107.182	92.626
1	12000000	26.177	107.996	91.567
1	12100000	29.426	108.304	91.444
1	12550000	40.210	110.312	91.141
1	12600000	40.988	110.584	91.077
1	12700000	42.242	111.133	90.847
1	12850000	43.366	111.974	90.244
1	13050000	43.455	113.126	88.961
1	13700000	33.331	117.029	81.624
1	13950000	27.556	118.338	79.539
1	14100000	23.963	119.030	78.806
1	14250000	20.274	119.653	78.462
1	14500000	13.913	120.537	78.753
1	14550000	12.695	120.675	78.952
1	14600000	11.637	120.772	79.217
1	14700000	10.002	120.845	79.943
1	14750000	9.425	120.821	80.404
1	14850000	8.752	120.653	81.524
1	15050000	9.331	119.833	84.552
1	15250000	12.475	118.368	88.631
1	15400000	16.518	116.846	92.379
1	15650000	24.910	113.895	99.368
1	16100000	29.628	111.210	108.553
1	16150000	29.229	111.145	109.268
1	16250000	27.877	111.155	110.514
1	16300000	26.925	111.230	111.045
1	16350000	25.787	111.352	111.515
1	16650000	16.023	112.956	113.064
1	16900000	7.756	115.012	112.736
1	17500000	-9.677	122.282	105.983
1	17550000	-10.956	122.975	105.116
1	17750000	-15.421	124.737	102.584
1	18000000	-19.543	124.669	101.525
1	18100000	-20.738	123.935	101.757
1	18150000	-21.238	123.417	102.014
1	18250000	-22.043	122.078	102.807
1	18300000	-22.349	121.257	103.344
1	18450000	-22.875	118.189	105.518
1	18600000	-22.914	114.644	108.293
1	18650000	-22.885	113.656	109.185
1	18700000	-22.838	112.783	110.050
1	18850000	-22.597	110.851	112.486
1	18950000	-22.351	110.138	113.978
1	19100000	-21.854	109.927	116.015
1	19150000	-21.654	110.087	116.641
1	19350000	-20.685	111.872	118.879
1	20000000	-15.742	118.495	124.694
1	20150000	-14.235	117.333	126.079
1	20200000	-13.702	116.700	126.546
1	20300000	-12.590	115.068	127.491
1	20350000	-12.011	114.068	127.967
1	20400000	-11.417	112.946	128.447
1	21250000	-8.377	99.474	138.468
1	21300000	-8.802	99.501	139.195
1	21400000	-9.856	99.837	140.696
1	21500000	-11.183	100.548	142.258
1	21650000	-12.928	101.833	144.505
1	21800000	-13.770	102.990	146.464
1	21900000	-13.831	103.691	147.610
1	21950000	-13.711	104.020	148.135
1	22150000	-12.228	105.196	149.916
1	22500000	-5.775	106.708	151.802
1	22700000	-1.423	107.868	152.317
1	22900000	1.452	110.014	152.602
1	23000000	2.336	111.457	152.657
1	23200000	2.995	115.083	152.596
1	24050000	-1.531	134.826	153.671
1	24300000	-0.423	138.540	156.408
1	24350000	-0.024	139.137	157.106
1	24700000	3.853	142.025	162.194
1	24900000	5.998	142.778	163.282
1	25000000	7.002	142.917	163.225
1	25050000	7.487	142.927	163.046
1	25200000	8.873	142.718	161.907
1	25250000	9.312	142.569	161.326
1	25450000	10.955	141.577	158.003
1	25750000	12.979	140.521	152.374
1	26150000	14.600	144.077	149.721
1	26200000	14.716	144.927	149.789
1	26300000	14.890	146.899	150.193
1	27100000	11.515	164.021	153.965
1	27200000	10.277	165.037	153.142
1	27250000	9.588	165.437	152.609
1	27300000	8.852	165.767	151.994
1	27400000	7.240	166.211	150.521
1	27450000	6.364	166.326	149.662
1	27650000	2.742	166.325	145.615
1	27700000	1.906	166.280	144.506
1	28200000	-4.726	165.011	131.410
1	28450000	-6.860	163.816	123.491
1	28550000	-7.475	163.242	120.137
1	28650000	-7.836	162.674	117.122
1	28700000	-7.915	162.395	115.768
1	28750000	-7.926	162.120	114.516
1	29600000	2.060	158.134	108.715
1	30150000	9.463	161.858	114.956
1	30500000	11.064	168.915	120.915
1	30700000	11.388	173.571	123.911
1	31000000	12.247	178.993	125.215
1	31300000	13.553	182.537	122.693
1	31950000	18.339	185.293	107.578
1	32450000	24.574	185.490	93.077
1	32700000	28.550	184.766	85.962
1	32850000	31.219	183.762	82.767
1	32950000	33.115	182.850	81.099
1	33050000	35.106	181.745	79.799
1	33250000	39.370	178.954	78.307
1	33300000	40.495	178.135	78.165
1	33550000	46.403	173.365	78.763
1	33600000	47.459	172.404	78.952
1	33650000	48.398	171.493	79.086
1	33850000	50.987	168.354	79.064
1	34300000	49.982	164.232	75.761
1	34400000	48.475	163.870	74.414
1	34950000	37.073	162.767	68.072
1	35400000	28.659	160.485	68.874
1	35450000	27.787	160.149	69.307
1	35600000	25.305	159.195	70.890
1	36050000	20.109	159.461	75.951
1	36650000	18.560	166.992	83.271
1	36800000	19.196	169.140	85.372
1	37000000	20.715	171.616	88.436
1	37100000	21.763	172.687	90.080
1	37200000	23.002	173.648	91.799
1	37250000	23.693	174.087	92.687
1	37350000	25.220	174.881	94.518
1	37450000	26.939	175.565	96.424
1	37500000	27.870	175.865	97.405
1	38350000	35.455	169.809	111.173
1	38400000	35.362	168.773	111.791
1	38550000	34.777	165.295	113.532
1	38600000	34.603	164.215	114.099
1	38650000	34.473	163.230	114.668
1	38850000	34.409	160.260	116.956
1	39250000	36.454	158.954	121.592
1	40050000	46.114	169.412	127.493
1	40150000	47.288	170.970	127.272
1	40250000	48.436	172.552	126.817
1	40500000	51.196	176.613	124.657
1	40650000	52.767	178.722	122.865
1	40700000	53.275	179.260	122.243
1	40850000	54.749	180.376	120.298
1	41900000	61.262	173.325	103.890
1	41950000	61.098	173.388	103.060
1	42150000	59.807	174.686	99.744
1	42400000	56.769	178.667	95.608
1	42500000	55.111	180.993	93.956
1	42800000	50.288	186.245	89.696
1	43000000	47.664	187.129	87.628
1	43150000	46.006	186.418	86.482
1	43200000	45.513	185.919	86.177
1	43700000	42.131	174.901	84.507
1	44150000	40.972	163.905	79.867
1	44500000	41.206	156.194	73.218
1	44550000	41.336	155.165	72.113
1	44600000	41.517	154.178	71.077
1	44900000	43.666	149.123	66.325
1	45250000	48.484	145.105	63.947
1	45650000	56.887	142.860	64.997
1	45700000	58.069	142.680	65.176
1	45750000	59.269	142.512	65.334
1	45900000	62.976	142.081	65.683
1	45950000	64.248	141.962	65.758
1	46250000	72.252	141.502	65.769
1	46300000	73.649	141.468	65.698
1	46500000	79.413	141.454	65.206
1	46650000	83.866	141.390	64.619
1	47250000	102.111	138.604	60.420
1	47300000	103.663	138.189	59.936
1	47350000	105.220	137.746	59.432
1	47400000	106.782	137.275	58.907
1	47450000	108.348	136.776	58.362
1	47700000	116.009	134.058	55.546
1	48000000	124.374	130.678	52.383
1	48050000	125.679	130.104	51.880
1	48200000	129.439	128.363	50.414
1	48300000	131.817	127.186	49.472
1	48800000	140.110	121.955	45.111
1	48950000	140.140	121.122	43.872
1	49200000	137.388	120.604	41.869
1	49350000	134.055	120.816	40.704
1	49650000	124.387	122.222	38.745
1	49900000	116.596	123.573	38.707
1	50000000	113.713	124.118	39.159
1	50100000	110.962	124.666	39.877
1	50300000	105.861	125.771	42.115
1	50450000	102.385	126.607	44.493
1	50600000	99.133	127.457	47.216
1	51050000	89.209	130.259	52.260
1	51250000	84.688	131.629	52.905
1	51300000	83.548	131.983	52.913
1	51350000	82.403	132.342	52.860
1	51600000	76.755	134.274	51.827
1	51700000	74.826	135.249	51.391
1	52250000	68.860	143.270	50.181
1	52650000	69.327	151.522	50.584
1	52700000	69.592	152.453	50.720
1	52850000	70.602	154.924	51.250
1	53000000	71.935	156.910	51.964
1	53100000	73.002	157.964	52.541
1	53200000	74.212	158.804	53.200
1	53250000	74.871	159.142	53.559
1	53550000	79.577	160.059	56.096
1	54200000	94.240	158.225	54.636
1	54450000	101.511	156.417	50.571
1	54650000	107.843	154.695	46.340
1	54750000	111.051	153.895	44.295
1	55450000	134.134	149.636	31.750
1	55750000	142.875	147.910	27.832
1	55850000	144.900	147.044	26.972
1	56500000	146.991	137.781	26.909
1	56700000	144.614	134.706	27.911
1	56750000	143.998	134.170	28.020
1	56900000	142.101	133.119	28.009
1	57350000	135.948	134.995	24.925
1	57400000	135.222	135.669	24.300
1	57500000	133.744	137.296	22.880
1	57850000	128.916	142.163	19.501
1	58000000	127.095	143.344	19.268
1	58650000	121.326	142.835	26.068
1	58750000	121.344	142.905	27.336
1	58950000	122.657	144.047	29.214
1	59200000	126.693	147.358	30.328
1	59450000	133.391	152.761	30.070
1	59750000	141.922	159.648	29.616
1	59900000	144.425	161.722	30.414
1	59950000	144.989	162.203	30.837
1	60400000	143.985	161.813	38.175
1	61000000	133.226	158.625	48.056
1	61050000	132.414	159.014	48.149
1	61300000	128.607	162.553	46.858
1	61700000	123.365	172.537	40.613
1	61750000	122.773	173.738	40.144
1	62200000	118.044	182.587	41.451
1	63000000	114.504	188.966	57.921
1	63050000	114.722	188.903	58.460
1	63250000	116.170	188.087	59.763
1	63400000	117.860	186.887	59.845
1	63450000	118.538	186.375	59.702
1	63750000	122.010	183.021	58.924
1	64900000	113.273	175.865	73.556
1	65250000	116.312	176.662	76.936
1	65350000	118.284	177.200	77.485
1	65650000	126.274	179.131	78.151
1	65800000	129.748	179.289	78.183
1	66100000	134.783	177.480	77.775
1	66150000	135.374	176.903	77.646
1	66500000	137.527	170.660	76.250
1	66600000	137.771	168.446	75.677
1	66650000	137.985	167.429	75.352
1	66750000	138.601	165.574	74.623
1	66900000	139.990	163.241	73.336
1	67350000	147.508	159.480	68.072
1	67850000	159.950	159.053	61.188
1	68350000	171.562	157.042	57.281
1	68400000	172.659	156.734	57.068
1	68450000	173.744	156.407	56.888
1	68600000	176.764	155.275	56.495
1	69050000	180.788	149.966	55.833
1	69700000	174.501	137.872	55.910
1	69800000	173.813	136.254	55.788
1	69950000	173.528	134.227	55.441
1	70100000	174.142	132.678	54.899
1	70200000	175.049	131.912	54.429
1	70350000	177.158	131.161	53.561
1	70400000	178.061	131.018	53.229
1	70600000	182.472	130.940	51.757
1	71100000	194.102	133.344	49.004
1	71250000	197.623	134.764	48.489
1	71300000	198.800	135.310	48.350
1	71500000	203.523	137.849	47.950
1	71600000	205.784	139.036	47.854
1	71700000	207.829	139.769	47.839
1	71800000	209.659	140.049	47.905
1	72500000	216.443	129.317	50.636
1	72850000	216.893	120.538	53.836
1	73400000	216.359	115.387	62.270
1	73450000	216.235	115.443	63.244
1	73600000	215.660	115.946	66.229
1	73900000	212.490	116.863	71.305
1	74100000	208.832	117.339	73.973
1	74500000	197.813	117.965	77.593
1	74550000	196.196	118.039	77.902
1	74750000	191.113	118.786	79.130
1	74850000	189.404	119.431	79.740
1	75450000	190.784	127.096	83.330
1	75500000	191.800	128.029	83.624
1	75700000	195.262	131.732	84.703
1	75850000	196.706	134.356	85.387
1	76450000	192.607	143.531	87.042
1	76800000	185.937	148.572	87.197
1	76900000	184.529	150.206	87.127
1	76950000	183.912	151.057	87.072
1	77050000	182.851	152.825	86.925
1	77100000	182.408	153.742	86.833
1	77450000	180.926	160.785	85.828
1	77700000	181.854	165.707	85.309
1	77750000	182.304	166.476	85.377
1	77900000	184.188	168.337	85.943
1	77950000	184.994	168.808	86.251
1	78000000	185.889	169.205	86.619
1	78250000	191.701	170.065	89.359
1	78300000	193.131	170.012	90.086
1	78350000	194.649	169.886	90.874
1	78400000	196.257	169.684	91.721
1	78500000	199.740	169.057	93.596
1	78850000	208.612	169.032	99.030
1	78900000	209.236	169.469	99.554
1	79400000	206.633	179.883	101.319
1	79450000	205.488	181.530	101.148
1	79500000	204.183	183.286	100.914
1	79750000	198.447	190.404	99.463
1	79900000	196.152	192.812	98.474
1	80000000	195.100	193.641	97.765
1	80050000	194.718	193.824	97.396
1	80300000	194.238	192.406	95.401
1	80550000	196.072	187.235	93.208
1	80700000	197.246	184.071	92.475
1	80800000	197.761	182.436	92.425
1	80850000	197.938	181.762	92.531
1	81050000	198.111	180.012	93.833
1	81150000	197.875	179.707	95.010
1	81450000	195.884	181.070	100.643
1	81650000	193.914	183.096	105.560
1	81900000	192.327	183.958	110.808
1	82150000	191.781	182.844	114.965
1	82500000	192.764	177.965	118.953
1	82600000	193.119	176.180	119.647
1	82650000	193.135	175.409	119.889
1	82850000	192.117	173.136	120.157
1	82950000	190.960	172.486	119.871
1	83050000	189.370	172.159	119.305
1	83350000	182.006	173.126	115.927
1	83550000	175.042	175.301	112.343
1	83900000	165.245	176.718	107.563
1	84050000	162.634	175.841	106.515
1	84100000	161.975	175.352	106.299
1	84450000	160.325	169.154	106.654
1	84750000	162.145	161.012	108.551
1	84850000	163.038	158.150	109.085
1	85100000	165.871	150.700	110.176
1	85300000	168.755	144.438	110.798
1	85550000	173.073	136.296	111.271
1	85850000	176.588	128.967	111.841
1	85950000	177.077	127.413	112.078
1	86000000	177.194	126.803	112.205
1	86350000	175.622	125.647	113.258
1	86400000	175.057	125.927	113.432
1	86650000	171.878	128.410	114.380
1	87200000	174.642	132.842	116.823
1	88050000	188.560	138.641	120.736
1	88250000	184.943	141.292	121.318
1	88300000	183.548	142.045	121.440
1	88500000	176.009	145.418	121.834
1	89200000	151.386	160.871	122.718
1	89250000	150.183	162.176	122.764
1	89450000	146.108	167.667	122.923
1	89550000	144.479	170.503	122.982
1	89900000	138.975	177.105	122.739
1	90000000	137.423	177.971	122.535
1	90600000	128.320	174.076	120.117
1	90700000	126.883	173.066	119.679
1	90800000	125.490	172.468	119.303
1	91400000	118.045	177.540	118.375
1	91450000	117.495	178.632	118.401
1	91600000	115.957	182.178	118.632
1	91900000	113.781	187.506	120.328
1	92050000	113.153	189.200	121.807
1	92350000	112.820	190.648	126.029
1	93050000	119.397	187.712	136.813
1	93750000	139.627	182.193	139.645
1	93850000	142.777	180.959	139.842
1	93900000	144.325	180.286	139.949
1	94300000	156.062	173.532	141.013
1	94400000	158.816	171.465	141.337
1	94500000	161.499	169.246	141.683
1	94550000	162.827	168.109	141.860
1	94600000	164.163	166.993	142.031
1	95200000	180.894	155.234	143.705
1	95500000	189.740	150.486	144.275
1	95550000	191.210	149.747	144.358
1	95700000	195.258	147.415	144.638
1	96100000	203.386	140.336	145.616
1	96300000	205.996	136.328	146.231
1	96400000	206.938	134.207	146.570
1	96450000	207.318	133.117	146.748
1	96500000	207.637	132.007	146.930
1	96800000	209.086	127.191	148.686
1	97100000	209.967	126.174	151.729
1	97300000	210.239	127.606	154.473
1	97550000	210.199	131.677	158.657
1	97750000	209.311	134.663	161.441
1	98000000	206.735	136.560	163.388
1	98150000	204.407	136.720	163.739
1	98250000	202.530	136.418	163.631
1	98450000	197.995	134.836	162.599
1	98650000	192.609	132.624	160.767
1	99300000	172.558	132.753	154.332
1	99500000	165.625	135.120	152.237
1	99800000	157.026	139.819	150.340
1	100000000	153.591	143.318	150.505
1	100100000	152.563	145.176	151.016
1	100500000	153.047	153.342	155.921
1	100550000	153.590	154.410	156.814
1	100750000	156.237	158.166	160.267
1	100850000	157.843	159.735	161.923
1	100950000	159.637	161.098	163.532
1	101150000	163.792	163.206	166.607
1	101250000	166.153	163.950	168.073
1	101400000	170.047	164.680	170.184
1	101650000	176.863	164.733	173.404
1	102000000	183.011	161.489	176.882
1	102200000	184.543	157.853	178.309
1	102250000	184.702	156.741	178.602
1	102800000	182.056	142.157	181.247
1	103050000	180.216	137.984	183.529
1	103200000	179.067	136.500	185.326
1	103500000	176.670	135.827	189.883
1	104250000	172.649	143.961	199.603
1	104300000	172.533	144.929	200.018
1	104550000	172.215	150.544	201.641
1	104900000	171.175	159.012	201.771
1	105000000	170.641	161.434	201.277
1	105350000	167.949	169.920	197.692
1	105550000	165.843	174.717	194.412
1	105600000	165.277	175.753	193.624
1	105650000	164.704	176.671	192.908
1	105700000	164.124	177.471	192.263
1	106050000	159.865	179.748	189.759
1	106350000	155.937	177.077	190.409
1	106400000	155.257	176.217	190.768
1	106550000	153.180	172.998	192.181
1	106650000	151.794	170.789	192.789
1	107250000	143.661	159.702	186.573
1	107450000	141.020	156.833	180.745
1	107550000	139.692	155.586	177.234
1	107850000	134.843	153.926	168.706
1	107950000	132.918	154.099	166.638
1	108200000	127.431	156.121	163.165
1	108300000	124.965	157.566	162.453
1	108400000	122.346	159.373	162.130
1	108850000	110.109	168.436	161.922
1	109000000	106.370	170.568	161.087
1	109600000	93.395	174.196	153.544
1	109950000	88.738	173.216	148.147
1	110200000	87.258	171.310	144.615
1	110250000	87.146	170.809	143.941
1	110300000	87.097	170.267	143.278
1	110450000	87.316	168.401	141.352
1	110550000	87.727	166.996	140.156
1	110650000	88.085	165.706	139.241
1	110700000	88.228	165.119	138.901
1	111100000	88.500	161.820	139.009
1	111300000	88.058	161.101	140.949
1	111450000	87.473	160.969	143.229
1	111500000	87.230	161.002	144.146
1	111550000	86.965	161.046	145.095
1	111600000	86.682	161.071	146.030
1	111900000	84.588	160.834	151.328
1	112000000	83.740	160.608	152.977
1	112050000	83.288	160.468	153.779
1	112350000	80.183	159.236	158.284
1	112450000	78.998	158.679	159.668
1	112500000	78.377	158.372	160.339
1	112550000	77.781	158.052	160.991
1	112850000	75.633	155.934	164.455
1	113100000	75.712	153.915	166.756
1	113150000	75.932	153.483	167.152
1	113200000	76.220	153.042	167.527
1	113250000	76.576	152.591	167.880
1	113350000	77.491	151.663	168.523
1	113500000	79.375	150.200	169.327
1	113550000	80.113	149.723	169.570
1	113750000	83.221	148.305	170.699
1	114450000	96.089	149.517	176.586
1	114650000	99.997	151.093	178.577
1	114700000	100.836	151.327	178.984
1	114900000	103.604	151.569	180.224
1	115000000	104.634	151.272	180.610
1	115650000	105.880	143.130	179.326
1	115900000	105.391	140.215	177.071
1	116100000	105.114	138.970	174.559
1	116250000	104.974	138.670	172.262
1	116400000	104.891	138.914	169.612
1	116550000	104.896	139.644	166.645
1	116950000	107.474	139.862	159.931
1	118900000	122.160	123.305	161.520
1	118950000	121.426	122.980	161.235
1	119100000	119.004	121.892	159.633
1	119200000	117.205	121.074	157.941
1	120000000	103.216	113.365	135.218
1	120050000	102.869	112.947	134.032
1	120200000	102.295	111.761	130.776
1	120550000	103.499	109.414	124.866
1	120800000	101.252	108.733	119.183
1	120900000	98.679	108.806	116.047
1	120950000	97.033	108.917	114.294
1	121050000	93.025	109.287	110.418
1	121250000	82.139	110.621	101.187
1	121400000	71.464	112.140	92.969
1	121800000	45.919	114.160	71.011
1	121850000	44.825	113.642	68.982
1	122250000	54.358	102.862	59.070
1	122300000	57.835	100.685	58.621
1	122350000	61.821	98.324	58.348
1	122450000	71.315	93.049	58.328
1	122550000	82.465	87.221	58.898
1	122700000	97.922	79.569	59.544
1	122750000	102.586	77.382	59.658
1	123300000	137.762	65.347	57.587
1	123400000	140.982	65.526	56.555
1	123900000	137.331	67.935	60.588
1	124050000	128.465	66.652	68.033
1	124200000	115.968	64.361	78.461
1	124250000	110.996	63.373	82.600
1	124600000	66.520	53.915	119.299
1	124800000	44.319	50.428	135.997
1	125100000	23.327	50.683	147.637
1	125250000	18.370	53.279	147.424
1	125500000	18.313	61.264	138.131
1	125950000	31.099	68.282	117.393
1	126350000	48.601	55.268	109.108
1	126400000	51.195	52.367	108.744
1	126750000	67.491	30.196	106.231
1	126800000	68.876	27.698	105.238
1	127100000	71.707	16.951	95.453
1	127150000	71.266	15.866	93.185
1	127200000	70.564	14.984	90.734
1	127400000	65.147	13.474	79.108
1	127600000	56.735	15.028	65.956
1	128050000	54.369	25.830	63.215
1	128250000	61.856	33.711	75.320
1	128350000	67.570	38.362	84.448
1	128550000	82.706	49.008	108.454
1	129050000	116.094	74.749	157.648
